6.429999999999999716e+01
6.926666666666666572e+01
8.823333333333333428e+01
5.583333333333333570e+01
7.076666666666666572e+01
8.059999999999999432e+01
7.179999999999999716e+01
7.109999999999999432e+01
7.506666666666666288e+01
7.506666666666666288e+01
7.479999999999999716e+01
7.520000000000000284e+01
8.550000000000000000e+01
7.340000000000000568e+01
6.836666666666666003e+01
4.763333333333333286e+01
4.493333333333333002e+01
4.156666666666666998e+01
4.000000000000000000e+01
3.976666666666666572e+01
3.889999999999999858e+01
3.853333333333333144e+01
3.793333333333333002e+01
6.790000000000000568e+01
5.733333333333333570e+01
6.723333333333333428e+01
6.576666666666666572e+01
6.529999999999999716e+01
6.493333333333333712e+01
6.483333333333332860e+01
5.896666666666666856e+01
5.829999999999999716e+01
5.820000000000000284e+01
6.673333333333333428e+01
7.406666666666666288e+01
7.423333333333333428e+01
7.453333333333333144e+01
7.409999999999999432e+01
7.359999999999999432e+01
7.336666666666666003e+01
7.090000000000000568e+01
7.070000000000000284e+01
7.046666666666666856e+01
6.983333333333332860e+01
6.656666666666666288e+01
6.509999999999999432e+01
6.509999999999999432e+01
6.229999999999999716e+01
6.096666666666666856e+01
7.109999999999999432e+01
7.100000000000000000e+01
7.090000000000000568e+01
7.146666666666666856e+01
7.220000000000000284e+01
7.246666666666666856e+01
7.263333333333333997e+01
7.283333333333332860e+01
7.266666666666667140e+01
7.266666666666667140e+01
4.896666666666666856e+01
6.809999999999999432e+01
6.566666666666667140e+01
5.870000000000000284e+01
4.929999999999999716e+01
4.686666666666666714e+01
4.620000000000000284e+01
4.646666666666666856e+01
4.703333333333333144e+01
4.733333333333333570e+01
4.766666666666666430e+01
4.836666666666666714e+01
4.950000000000000000e+01
4.973333333333333428e+01
4.646666666666666856e+01
6.556666666666666288e+01
6.953333333333333144e+01
5.620000000000000284e+01
6.213333333333333286e+01
5.526666666666666572e+01
5.136666666666666714e+01
4.800000000000000000e+01
5.026666666666666572e+01
4.920000000000000284e+01
4.886666666666666714e+01
4.903333333333333144e+01
4.900000000000000000e+01
4.896666666666666856e+01
4.906666666666666998e+01
4.906666666666666998e+01
4.886666666666666714e+01
4.866666666666666430e+01
4.866666666666666430e+01
4.863333333333333286e+01
4.856666666666666998e+01
4.839999999999999858e+01
4.870000000000000284e+01
4.856666666666666998e+01
4.889999999999999858e+01
5.289999999999999858e+01
5.439999999999999858e+01
