1.923333333333333284e-01
2.716666666666666674e-01
1.846666666666666734e-01
7.880000000000000338e-01
7.119999999999999662e-01
7.800000000000000266e-01
8.823333333333333028e-01
9.136666666666666270e-01
9.040000000000000258e-01
9.046666666666666190e-01
8.816666666666667096e-01
8.080000000000000515e-01
8.763333333333332975e-01
8.209999999999999520e-01
8.719999999999999973e-01
7.216666666666666785e-01
8.026666666666666394e-01
8.139999999999999458e-01
8.880000000000000115e-01
8.886666666666667158e-01
9.206666666666666332e-01
8.719999999999999973e-01
8.996666666666666146e-01
9.120000000000000329e-01
9.250000000000000444e-01
9.320000000000000506e-01
9.330000000000000515e-01
9.363333333333333508e-01
9.336666666666666448e-01
9.346666666666666456e-01
9.290000000000000480e-01
9.389999999999999458e-01
9.376666666666666483e-01
9.373333333333333517e-01
9.370000000000000551e-01
9.383333333333333526e-01
9.416666666666666519e-01
9.366666666666666474e-01
9.366666666666666474e-01
9.366666666666666474e-01
9.310000000000000497e-01
9.333333333333333481e-01
9.326666666666666439e-01
9.316666666666666430e-01
9.293333333333333446e-01
9.270000000000000462e-01
9.263333333333333419e-01
9.210000000000000409e-01
9.296666666666666412e-01
9.296666666666666412e-01
