1.316666666666666461e-01
2.726666666666666461e-01
3.726666666666666461e-01
4.776666666666666461e-01
5.013333333333333419e-01
7.426666666666666528e-01
8.070000000000000506e-01
9.316666666666666430e-01
9.443333333333333579e-01
9.519999999999999574e-01
9.163333333333333330e-01
9.233333333333333393e-01
9.196666666666666323e-01
9.366666666666666474e-01
9.343333333333333490e-01
9.336666666666666448e-01
9.429999999999999494e-01
9.340000000000000524e-01
9.330000000000000515e-01
9.479999999999999538e-01
9.456666666666666554e-01
9.426666666666666528e-01
9.070000000000000284e-01
8.013333333333333419e-01
9.106666666666666243e-01
8.013333333333333419e-01
