3.343333333333333157e-01
2.119999999999999940e-01
5.153333333333333099e-01
8.286666666666666625e-01
8.840000000000000080e-01
8.623333333333332851e-01
8.653333333333332877e-01
8.413333333333333774e-01
7.369999999999999885e-01
7.540000000000000036e-01
9.026666666666666172e-01
9.126666666666666261e-01
8.763333333333332975e-01
9.120000000000000329e-01
9.066666666666666208e-01
9.130000000000000338e-01
9.156666666666666288e-01
9.210000000000000409e-01
9.233333333333333393e-01
9.320000000000000506e-01
9.300000000000000488e-01
9.313333333333333464e-01
9.376666666666666483e-01
9.343333333333333490e-01
9.323333333333333472e-01
9.326666666666666439e-01
9.320000000000000506e-01
9.356666666666666465e-01
9.356666666666666465e-01
9.346666666666666456e-01
9.343333333333333490e-01
9.379999999999999449e-01
9.396666666666666501e-01
9.433333333333333570e-01
9.459999999999999520e-01
9.446666666666666545e-01
9.413333333333333552e-01
9.429999999999999494e-01
9.413333333333333552e-01
9.409999999999999476e-01
9.376666666666666483e-01
9.360000000000000542e-01
9.343333333333333490e-01
9.306666666666666421e-01
9.223333333333333384e-01
9.166666666666666297e-01
9.160000000000000364e-01
9.200000000000000400e-01
9.250000000000000444e-01
9.193333333333333357e-01
0.000000000000000000e+00
0.000000000000000000e+00
0.000000000000000000e+00
0.000000000000000000e+00
0.000000000000000000e+00
0.000000000000000000e+00
0.000000000000000000e+00
0.000000000000000000e+00
0.000000000000000000e+00
0.000000000000000000e+00
0.000000000000000000e+00
0.000000000000000000e+00
0.000000000000000000e+00
0.000000000000000000e+00
0.000000000000000000e+00
0.000000000000000000e+00
0.000000000000000000e+00
0.000000000000000000e+00
0.000000000000000000e+00
0.000000000000000000e+00
0.000000000000000000e+00
0.000000000000000000e+00
0.000000000000000000e+00
0.000000000000000000e+00
0.000000000000000000e+00
0.000000000000000000e+00
0.000000000000000000e+00
0.000000000000000000e+00
0.000000000000000000e+00
0.000000000000000000e+00
0.000000000000000000e+00
0.000000000000000000e+00
0.000000000000000000e+00
0.000000000000000000e+00
0.000000000000000000e+00
0.000000000000000000e+00
0.000000000000000000e+00
0.000000000000000000e+00
0.000000000000000000e+00
0.000000000000000000e+00
0.000000000000000000e+00
0.000000000000000000e+00
0.000000000000000000e+00
0.000000000000000000e+00
0.000000000000000000e+00
0.000000000000000000e+00
0.000000000000000000e+00
0.000000000000000000e+00
0.000000000000000000e+00
0.000000000000000000e+00
