1.750000000000000000e+01 1.044117647058823550e+01 8.382352941176471006e+00 7.205882352941176627e+00 1.176470588235294157e+00 2.647058823529411686e+00 7.352941176470588758e-01 1.029411764705882248e+00 1.323529411764705843e+00 1.323529411764705843e+00 1.617647058823529438e+00 1.617647058823529438e+00 2.500000000000000000e+00 2.205882352941176627e+00 2.352941176470588314e+00 3.676470588235293935e+00 3.676470588235293935e+00
1.426470588235294201e+01 1.897058823529411598e+01 1.294117647058823550e+01 1.338235294117647101e+01 1.176470588235294201e+01 1.750000000000000000e+01 1.750000000000000000e+01 1.661764705882352899e+01 1.088235294117647101e+01 1.441176470588235325e+01 1.338235294117647101e+01 1.058823529411764675e+01 9.411764705882353255e+00 9.117647058823528994e+00 1.044117647058823550e+01 1.235294117647058876e+01 1.235294117647058876e+01
1.617647058823529349e+01 1.029411764705882426e+01 1.088235294117647101e+01 1.044117647058823550e+01 9.117647058823528994e+00 9.705882352941175739e+00 1.000000000000000000e+01 8.529411764705882248e+00 8.235294117647057988e+00 9.411764705882353255e+00 9.705882352941175739e+00 8.970588235294117752e+00 6.764705882352941124e+00 7.647058823529412130e+00 7.500000000000000000e+00 7.941176470588235503e+00 7.941176470588235503e+00
8.088235294117646745e+00 1.338235294117647101e+01 9.117647058823528994e+00 9.852941176470588758e+00 1.029411764705882426e+01 1.029411764705882426e+01 8.970588235294117752e+00 7.647058823529412130e+00 7.352941176470587870e+00 8.382352941176471006e+00 7.794117647058823373e+00 8.088235294117646745e+00 6.029411764705882248e+00 6.617647058823528994e+00 6.029411764705882248e+00 6.764705882352941124e+00 6.764705882352941124e+00
1.514705882352941124e+01 1.676470588235294201e+01 1.720588235294117752e+01 1.544117647058823550e+01 1.102941176470588225e+01 1.529411764705882426e+01 3.529411764705882248e+00 4.852941176470587870e+00 3.529411764705882248e+00 4.558823529411764497e+00 4.558823529411764497e+00 3.382352941176470562e+00 3.676470588235293935e+00 3.529411764705882248e+00 3.970588235294117752e+00 4.117647058823528994e+00 4.117647058823528994e+00
1.676470588235294201e+01 1.264705882352941124e+01 1.147058823529411775e+01 1.088235294117647101e+01 1.205882352941176450e+01 1.235294117647058876e+01 1.235294117647058876e+01 1.235294117647058876e+01 1.205882352941176450e+01 1.323529411764705799e+01 1.102941176470588225e+01 1.264705882352941124e+01 1.338235294117647101e+01 1.132352941176470651e+01 1.235294117647058876e+01 1.264705882352941124e+01 1.264705882352941124e+01
1.882352941176470651e+01 1.705882352941176450e+01 1.014705882352941124e+01 9.411764705882353255e+00 9.705882352941175739e+00 8.970588235294117752e+00 5.000000000000000000e+00 4.852941176470587870e+00 5.588235294117646745e+00 6.470588235294117752e+00 6.176470588235294379e+00 5.294117647058823373e+00 4.705882352941176627e+00 4.558823529411764497e+00 3.382352941176470562e+00 3.382352941176470562e+00 3.382352941176470562e+00
1.176470588235294201e+01 1.132352941176470651e+01 1.058823529411764675e+01 1.073529411764705799e+01 1.117647058823529349e+01 1.117647058823529349e+01 1.102941176470588225e+01 1.014705882352941124e+01 1.044117647058823550e+01 1.044117647058823550e+01 1.014705882352941124e+01 1.029411764705882426e+01 1.014705882352941124e+01 1.058823529411764675e+01 1.029411764705882426e+01 1.014705882352941124e+01 1.014705882352941124e+01
1.073529411764705799e+01 1.411764705882352899e+01 1.514705882352941124e+01 1.058823529411764675e+01 9.558823529411764497e+00 9.852941176470588758e+00 7.352941176470587870e+00 8.235294117647057988e+00 7.794117647058823373e+00 7.500000000000000000e+00 8.235294117647057988e+00 6.029411764705882248e+00 5.882352941176471006e+00 6.029411764705882248e+00 4.705882352941176627e+00 5.441176470588235503e+00 5.441176470588235503e+00
2.191176470588235148e+01 9.705882352941175739e+00 1.000000000000000000e+01 8.529411764705882248e+00 8.529411764705882248e+00 7.941176470588235503e+00 7.794117647058823373e+00 7.500000000000000000e+00 7.941176470588235503e+00 7.647058823529412130e+00 7.352941176470587870e+00 7.500000000000000000e+00 8.088235294117646745e+00 7.352941176470587870e+00 7.500000000000000000e+00 7.794117647058823373e+00 7.794117647058823373e+00
