1.455882352941176450e+01 1.720588235294117752e+01 1.352941176470588225e+01 1.500000000000000000e+01 1.485294117647058876e+01 1.411764705882352899e+01 1.367647058823529349e+01 1.161764705882352899e+01 1.176470588235294201e+01 1.294117647058823550e+01 1.279411764705882426e+01 1.235294117647058876e+01 1.264705882352941124e+01 1.294117647058823550e+01 1.294117647058823550e+01 1.294117647058823550e+01 1.294117647058823550e+01
1.558823529411764675e+01 1.529411764705882426e+01 1.500000000000000000e+01 1.176470588235294201e+01 1.323529411764705799e+01 1.132352941176470651e+01 1.117647058823529349e+01 1.205882352941176450e+01 1.088235294117647101e+01 1.132352941176470651e+01 1.161764705882352899e+01 1.147058823529411775e+01 1.191176470588235325e+01 1.161764705882352899e+01 1.147058823529411775e+01 1.117647058823529349e+01 1.117647058823529349e+01
1.882352941176470651e+01 1.676470588235294201e+01 9.264705882352942012e+00 1.014705882352941124e+01 8.529411764705882248e+00 9.117647058823528994e+00 9.705882352941175739e+00 9.117647058823528994e+00 9.705882352941175739e+00 9.264705882352942012e+00 1.014705882352941124e+01 1.000000000000000000e+01 1.029411764705882426e+01 1.029411764705882426e+01 1.000000000000000000e+01 9.558823529411764497e+00 9.558823529411764497e+00
1.558823529411764675e+01 1.544117647058823550e+01 1.426470588235294201e+01 8.235294117647057988e+00 9.264705882352942012e+00 8.382352941176471006e+00 9.411764705882353255e+00 8.529411764705882248e+00 9.411764705882353255e+00 9.117647058823528994e+00 9.411764705882353255e+00 1.044117647058823550e+01 8.676470588235293491e+00 9.117647058823528994e+00 8.823529411764706509e+00 8.382352941176471006e+00 8.382352941176471006e+00
9.411764705882353255e+00 1.073529411764705799e+01 1.102941176470588225e+01 1.000000000000000000e+01 1.205882352941176450e+01 1.058823529411764675e+01 1.102941176470588225e+01 1.029411764705882426e+01 1.058823529411764675e+01 1.029411764705882426e+01 1.000000000000000000e+01 9.705882352941175739e+00 9.558823529411764497e+00 9.264705882352942012e+00 8.088235294117646745e+00 7.647058823529412130e+00 7.647058823529412130e+00
1.044117647058823550e+01 9.705882352941175739e+00 1.308823529411764675e+01 1.088235294117647101e+01 1.161764705882352899e+01 9.411764705882353255e+00 1.029411764705882426e+01 1.058823529411764675e+01 1.073529411764705799e+01 1.117647058823529349e+01 1.102941176470588225e+01 1.088235294117647101e+01 1.073529411764705799e+01 1.044117647058823550e+01 1.088235294117647101e+01 1.029411764705882426e+01 1.029411764705882426e+01
1.235294117647058876e+01 1.132352941176470651e+01 1.176470588235294201e+01 1.117647058823529349e+01 1.147058823529411775e+01 1.147058823529411775e+01 8.088235294117646745e+00 7.647058823529412130e+00 7.941176470588235503e+00 9.705882352941175739e+00 1.088235294117647101e+01 9.264705882352942012e+00 1.000000000000000000e+01 9.411764705882353255e+00 9.264705882352942012e+00 9.852941176470588758e+00 9.852941176470588758e+00
3.132352941176470651e+01 8.676470588235293491e+00 1.191176470588235325e+01 1.147058823529411775e+01 1.132352941176470651e+01 1.191176470588235325e+01 1.220588235294117574e+01 1.132352941176470651e+01 1.029411764705882426e+01 1.044117647058823550e+01 1.058823529411764675e+01 1.029411764705882426e+01 1.029411764705882426e+01 1.029411764705882426e+01 9.852941176470588758e+00 1.000000000000000000e+01 1.000000000000000000e+01
1.544117647058823550e+01 1.441176470588235325e+01 1.176470588235294201e+01 1.088235294117647101e+01 1.029411764705882426e+01 1.000000000000000000e+01 1.058823529411764675e+01 9.852941176470588758e+00 1.073529411764705799e+01 1.073529411764705799e+01 1.102941176470588225e+01 1.117647058823529349e+01 1.088235294117647101e+01 1.058823529411764675e+01 9.264705882352942012e+00 9.264705882352942012e+00 9.264705882352942012e+00
2.014705882352941302e+01 1.558823529411764675e+01 1.485294117647058876e+01 1.411764705882352899e+01 1.382352941176470651e+01 1.250000000000000000e+01 1.294117647058823550e+01 1.426470588235294201e+01 1.352941176470588225e+01 1.308823529411764675e+01 1.279411764705882426e+01 1.338235294117647101e+01 1.279411764705882426e+01 1.294117647058823550e+01 1.338235294117647101e+01 1.294117647058823550e+01 1.294117647058823550e+01
