6.970000000000000284e+01
7.193333333333333712e+01
8.166666666666667140e+01
6.816666666666667140e+01
7.379999999999999716e+01
4.700000000000000000e+01
6.373333333333333428e+01
7.806666666666666288e+01
7.643333333333333712e+01
6.000000000000000000e+01
5.123333333333333428e+01
6.016666666666666430e+01
7.616666666666667140e+01
7.329999999999999716e+01
5.760000000000000142e+01
8.829999999999999716e+01
7.356666666666666288e+01
5.070000000000000284e+01
7.633333333333332860e+01
8.129999999999999716e+01
7.659999999999999432e+01
8.200000000000000000e+01
8.763333333333333997e+01
8.120000000000000284e+01
7.763333333333333997e+01
6.073333333333333428e+01
5.956666666666666998e+01
7.076666666666666572e+01
6.979999999999999716e+01
7.993333333333333712e+01
7.933333333333332860e+01
7.343333333333333712e+01
6.900000000000000000e+01
8.136666666666666003e+01
8.333333333333332860e+01
8.023333333333333428e+01
7.936666666666666003e+01
7.676666666666666572e+01
6.706666666666666288e+01
6.020000000000000284e+01
9.343333333333333712e+01
8.859999999999999432e+01
5.939999999999999858e+01
6.920000000000000284e+01
6.626666666666666572e+01
8.756666666666666288e+01
7.576666666666666572e+01
7.759999999999999432e+01
8.459999999999999432e+01
6.673333333333333428e+01
6.813333333333333997e+01
6.720000000000000284e+01
8.340000000000000568e+01
6.413333333333333997e+01
8.529999999999999716e+01
8.143333333333333712e+01
8.329999999999999716e+01
7.933333333333332860e+01
8.370000000000000284e+01
7.933333333333332860e+01
7.843333333333333712e+01
8.856666666666666288e+01
7.746666666666666856e+01
6.416666666666667140e+01
8.443333333333333712e+01
8.000000000000000000e+01
7.076666666666666572e+01
7.723333333333333428e+01
7.526666666666666572e+01
8.429999999999999716e+01
7.990000000000000568e+01
7.906666666666666288e+01
7.743333333333333712e+01
6.629999999999999716e+01
7.713333333333333997e+01
7.886666666666666003e+01
6.750000000000000000e+01
8.140000000000000568e+01
6.970000000000000284e+01
7.503333333333333144e+01
7.890000000000000568e+01
6.976666666666666572e+01
6.870000000000000284e+01
8.276666666666666572e+01
8.300000000000000000e+01
8.126666666666666572e+01
7.596666666666666856e+01
8.006666666666666288e+01
8.570000000000000284e+01
8.526666666666666572e+01
7.470000000000000284e+01
8.090000000000000568e+01
8.603333333333333144e+01
5.986666666666666714e+01
6.976666666666666572e+01
7.979999999999999716e+01
7.473333333333333428e+01
7.856666666666666288e+01
8.816666666666667140e+01
9.123333333333333428e+01
