2.159999999999999976e-01
3.719999999999999973e-01
3.350000000000000200e-01
4.749999999999999778e-01
7.059999999999999609e-01
5.600000000000000533e-01
5.669999999999999485e-01
3.679999999999999938e-01
5.230000000000000204e-01
6.540000000000000258e-01
6.600000000000000311e-01
6.239999999999999991e-01
6.079999999999999849e-01
6.840000000000000524e-01
6.700000000000000400e-01
7.049999999999999600e-01
7.089999999999999636e-01
7.209999999999999742e-01
6.740000000000000435e-01
6.939999999999999503e-01
7.129999999999999671e-01
7.339999999999999858e-01
7.900000000000000355e-01
7.189999999999999725e-01
7.680000000000000160e-01
8.000000000000000444e-01
8.100000000000000533e-01
8.299999999999999600e-01
8.319999999999999618e-01
8.279999999999999583e-01
8.449999999999999734e-01
8.389999999999999680e-01
8.419999999999999707e-01
8.369999999999999662e-01
8.419999999999999707e-01
8.389999999999999680e-01
8.459999999999999742e-01
8.529999999999999805e-01
8.729999999999999982e-01
8.699999999999999956e-01
8.689999999999999947e-01
8.629999999999999893e-01
8.619999999999999885e-01
8.639999999999999902e-01
8.629999999999999893e-01
8.539999999999999813e-01
8.539999999999999813e-01
8.499999999999999778e-01
8.489999999999999769e-01
8.499999999999999778e-01
8.479999999999999760e-01
8.399999999999999689e-01
8.369999999999999662e-01
8.359999999999999654e-01
8.419999999999999707e-01
8.429999999999999716e-01
8.579999999999999849e-01
8.469999999999999751e-01
8.539999999999999813e-01
8.559999999999999831e-01
8.489999999999999769e-01
8.459999999999999742e-01
8.429999999999999716e-01
8.329999999999999627e-01
8.439999999999999725e-01
8.379999999999999671e-01
8.339999999999999636e-01
8.359999999999999654e-01
8.469999999999999751e-01
8.489999999999999769e-01
8.509999999999999787e-01
8.449999999999999734e-01
8.539999999999999813e-01
8.569999999999999840e-01
8.579999999999999849e-01
8.599999999999999867e-01
8.569999999999999840e-01
8.589999999999999858e-01
8.549999999999999822e-01
8.569999999999999840e-01
8.539999999999999813e-01
8.599999999999999867e-01
8.649999999999999911e-01
8.639999999999999902e-01
8.689999999999999947e-01
8.729999999999999982e-01
8.729999999999999982e-01
8.760000000000000009e-01
8.770000000000000018e-01
8.790000000000000036e-01
8.800000000000000044e-01
8.790000000000000036e-01
8.780000000000000027e-01
8.810000000000000053e-01
8.780000000000000027e-01
8.760000000000000009e-01
8.729999999999999982e-01
8.609999999999999876e-01
8.669999999999999929e-01
8.750000000000000000e-01
