2.520000000000000018e-01
5.843333333333333712e-01
4.183333333333333348e-01
2.146666666666666723e-01
4.729999999999999760e-01
7.660000000000000142e-01
6.503333333333333188e-01
7.553333333333333011e-01
6.556666666666666199e-01
7.800000000000000266e-01
8.276666666666666616e-01
8.519999999999999796e-01
8.519999999999999796e-01
8.820000000000000062e-01
8.870000000000000107e-01
8.946666666666667211e-01
8.883333333333333082e-01
8.813333333333333020e-01
8.739999999999999991e-01
8.920000000000000151e-01
8.843333333333333046e-01
8.576666666666666883e-01
8.356666666666666687e-01
8.439999999999999725e-01
8.483333333333333837e-01
8.926666666666667194e-01