3.726666666666666461e-01
7.176666666666666750e-01
8.356666666666666687e-01
8.783333333333332993e-01
7.823333333333333250e-01
8.516666666666666829e-01
8.766666666666667052e-01
9.010000000000000231e-01
8.856666666666667131e-01
9.010000000000000231e-01
8.963333333333333153e-01
9.016666666666666163e-01
9.190000000000000391e-01
9.150000000000000355e-01
9.066666666666666208e-01
9.243333333333333401e-01
9.320000000000000506e-01
9.340000000000000524e-01
9.350000000000000533e-01
9.366666666666666474e-01
9.370000000000000551e-01
9.353333333333333499e-01
9.403333333333333544e-01
9.389999999999999458e-01
9.399999999999999467e-01
9.423333333333333561e-01
9.436666666666666536e-01
9.416666666666666519e-01
9.459999999999999520e-01
9.509999999999999565e-01
9.449999999999999512e-01
9.399999999999999467e-01
9.360000000000000542e-01
9.333333333333333481e-01
9.266666666666666385e-01
9.216666666666666341e-01
9.236666666666666359e-01
9.220000000000000417e-01
9.160000000000000364e-01
9.106666666666666243e-01
9.060000000000000275e-01
8.963333333333333153e-01
8.993333333333333179e-01
8.870000000000000107e-01
8.920000000000000151e-01
8.946666666666667211e-01
9.033333333333333215e-01
9.160000000000000364e-01
9.216666666666666341e-01
9.236666666666666359e-01
