6.666666666666667140e+01
7.050000000000000000e+01
5.703333333333333144e+01
6.533333333333332860e+01
6.533333333333332860e+01
6.533333333333332860e+01
6.533333333333332860e+01
6.533333333333332860e+01
6.533333333333332860e+01
6.533333333333332860e+01
6.533333333333332860e+01
6.533333333333332860e+01
6.533333333333332860e+01
6.533333333333332860e+01
6.533333333333332860e+01
6.533333333333332860e+01
6.533333333333332860e+01
6.533333333333332860e+01
6.533333333333332860e+01
6.533333333333332860e+01
6.533333333333332860e+01
6.533333333333332860e+01
6.533333333333332860e+01
6.533333333333332860e+01
6.533333333333332860e+01
6.533333333333332860e+01
6.533333333333332860e+01
6.533333333333332860e+01
6.533333333333332860e+01
6.533333333333332860e+01
6.533333333333332860e+01
6.533333333333332860e+01
6.533333333333332860e+01
6.533333333333332860e+01
6.533333333333332860e+01
6.533333333333332860e+01
6.533333333333332860e+01
6.533333333333332860e+01
6.533333333333332860e+01
6.533333333333332860e+01
6.533333333333332860e+01
6.533333333333332860e+01
6.533333333333332860e+01
6.533333333333332860e+01
6.533333333333332860e+01
6.533333333333332860e+01
6.533333333333332860e+01
6.533333333333332860e+01
6.533333333333332860e+01
6.533333333333332860e+01
6.533333333333332860e+01
6.533333333333332860e+01
6.533333333333332860e+01
6.533333333333332860e+01
6.533333333333332860e+01
6.533333333333332860e+01
6.533333333333332860e+01
6.533333333333332860e+01
6.533333333333332860e+01
6.533333333333332860e+01
6.533333333333332860e+01
6.533333333333332860e+01
6.533333333333332860e+01
6.533333333333332860e+01
6.533333333333332860e+01
6.533333333333332860e+01
6.533333333333332860e+01
6.533333333333332860e+01
6.533333333333332860e+01
6.533333333333332860e+01
6.533333333333332860e+01
6.533333333333332860e+01
6.533333333333332860e+01
6.533333333333332860e+01
6.533333333333332860e+01
6.533333333333332860e+01
6.533333333333332860e+01
6.533333333333332860e+01
6.533333333333332860e+01
6.533333333333332860e+01
6.533333333333332860e+01
6.533333333333332860e+01
6.533333333333332860e+01
6.533333333333332860e+01
6.533333333333332860e+01
6.533333333333332860e+01
6.533333333333332860e+01
6.533333333333332860e+01
6.533333333333332860e+01
6.533333333333332860e+01
6.533333333333332860e+01
6.533333333333332860e+01
6.533333333333332860e+01
6.533333333333332860e+01
6.533333333333332860e+01
6.533333333333332860e+01
6.533333333333332860e+01
6.533333333333332860e+01
6.533333333333332860e+01
6.533333333333332860e+01
