6.700000000000000400e-02
5.470000000000000417e-01
6.860000000000000542e-01
6.999999999999999556e-01
4.809999999999999831e-01
3.860000000000000098e-01
2.300000000000000100e-01
4.879999999999999893e-01
4.640000000000000235e-01
6.330000000000000071e-01
4.939999999999999947e-01
5.889999999999999680e-01
5.679999999999999494e-01
6.250000000000000000e-01
5.340000000000000302e-01
6.850000000000000533e-01
5.470000000000000417e-01
5.639999999999999458e-01
5.520000000000000462e-01
6.460000000000000187e-01
7.500000000000000000e-01
7.219999999999999751e-01
7.009999999999999565e-01
7.279999999999999805e-01
6.979999999999999538e-01
7.510000000000000009e-01
7.029999999999999583e-01
7.239999999999999769e-01
7.259999999999999787e-01
7.249999999999999778e-01
6.590000000000000302e-01
8.080000000000000515e-01
6.239999999999999991e-01
6.490000000000000213e-01
6.069999999999999840e-01
5.899999999999999689e-01
6.360000000000000098e-01
7.419999999999999929e-01
7.299999999999999822e-01
7.069999999999999618e-01
7.489999999999999991e-01
6.969999999999999529e-01
7.249999999999999778e-01
6.999999999999999556e-01
6.750000000000000444e-01
7.009999999999999565e-01
4.849999999999999867e-01
6.280000000000000027e-01
6.250000000000000000e-01
6.169999999999999929e-01
6.969999999999999529e-01
7.469999999999999973e-01
7.570000000000000062e-01
7.500000000000000000e-01
6.919999999999999485e-01
5.629999999999999449e-01
6.810000000000000497e-01
7.800000000000000266e-01
7.860000000000000320e-01
8.110000000000000542e-01
8.010000000000000453e-01
7.780000000000000249e-01
7.550000000000000044e-01
7.349999999999999867e-01
7.449999999999999956e-01
7.369999999999999885e-01
7.580000000000000071e-01
7.670000000000000151e-01
7.630000000000000115e-01
7.720000000000000195e-01
7.670000000000000151e-01
7.640000000000000124e-01
7.740000000000000213e-01
8.080000000000000515e-01
7.059999999999999609e-01
7.139999999999999680e-01
7.259999999999999787e-01
7.489999999999999991e-01
7.510000000000000009e-01
7.469999999999999973e-01
7.459999999999999964e-01
7.389999999999999902e-01
7.540000000000000036e-01
7.449999999999999956e-01
7.359999999999999876e-01
7.279999999999999805e-01
7.189999999999999725e-01
6.740000000000000435e-01
6.870000000000000551e-01
6.999999999999999556e-01
7.600000000000000089e-01
7.810000000000000275e-01
7.760000000000000231e-01
7.770000000000000240e-01
7.820000000000000284e-01
7.680000000000000160e-01
7.930000000000000382e-01
7.950000000000000400e-01
7.930000000000000382e-01
8.050000000000000488e-01
