1.156666666666666676e-01
3.333333333333333148e-01
3.333333333333333148e-01
3.333333333333333148e-01
3.333333333333333148e-01
3.333333333333333148e-01
3.333333333333333148e-01
3.333333333333333148e-01
3.333333333333333148e-01
3.333333333333333148e-01
3.333333333333333148e-01
3.333333333333333148e-01
3.333333333333333148e-01
3.333333333333333148e-01
3.333333333333333148e-01
3.333333333333333148e-01
3.333333333333333148e-01
3.333333333333333148e-01
3.333333333333333148e-01
3.333333333333333148e-01
3.333333333333333148e-01
3.333333333333333148e-01
3.333333333333333148e-01
3.333333333333333148e-01
3.333333333333333148e-01
3.333333333333333148e-01
