4.926470588235294201e+01 4.926470588235294201e+01 4.926470588235293491e+01 4.926470588235293491e+01 4.926470588235293491e+01 4.926470588235293491e+01 4.926470588235293491e+01 4.926470588235293491e+01
5.117647058823529704e+01 5.117647058823529704e+01 5.117647058823529704e+01 5.117647058823529704e+01 5.117647058823529704e+01 5.117647058823529704e+01 5.117647058823528994e+01 5.117647058823528283e+01
5.073529411764705799e+01 5.073529411764705799e+01 5.073529411764706509e+01 5.073529411764706509e+01 5.073529411764706509e+01 5.073529411764706509e+01 5.073529411764706509e+01 5.073529411764706509e+01
4.985294117647058698e+01 4.985294117647058698e+01 4.985294117647058698e+01 4.985294117647059409e+01 4.985294117647059409e+01 4.985294117647060119e+01 4.985294117647060119e+01 4.985294117647060119e+01
5.058823529411764497e+01 5.058823529411764497e+01 5.058823529411764497e+01 5.058823529411763786e+01 5.058823529411763786e+01 5.058823529411764497e+01 5.058823529411764497e+01 5.058823529411765207e+01
0.000000000000000000e+00 0.000000000000000000e+00 0.000000000000000000e+00 0.000000000000000000e+00 0.000000000000000000e+00 0.000000000000000000e+00 0.000000000000000000e+00 0.000000000000000000e+00
0.000000000000000000e+00 0.000000000000000000e+00 0.000000000000000000e+00 0.000000000000000000e+00 0.000000000000000000e+00 0.000000000000000000e+00 0.000000000000000000e+00 0.000000000000000000e+00
0.000000000000000000e+00 0.000000000000000000e+00 0.000000000000000000e+00 0.000000000000000000e+00 0.000000000000000000e+00 0.000000000000000000e+00 0.000000000000000000e+00 0.000000000000000000e+00
0.000000000000000000e+00 0.000000000000000000e+00 0.000000000000000000e+00 0.000000000000000000e+00 0.000000000000000000e+00 0.000000000000000000e+00 0.000000000000000000e+00 0.000000000000000000e+00
0.000000000000000000e+00 0.000000000000000000e+00 0.000000000000000000e+00 0.000000000000000000e+00 0.000000000000000000e+00 0.000000000000000000e+00 0.000000000000000000e+00 0.000000000000000000e+00
