1.044117647058823550e+01 1.044117647058823550e+01 9.264705882352942012e+00 7.500000000000000000e+00 9.558823529411764497e+00 1.000000000000000000e+01 1.029411764705882426e+01 1.029411764705882426e+01 1.117647058823529349e+01 8.676470588235293491e+00 8.529411764705882248e+00 7.352941176470587870e+00 7.794117647058823373e+00 7.941176470588235503e+00 7.058823529411764497e+00 7.352941176470587870e+00 7.352941176470587870e+00
1.235294117647058876e+01 9.264705882352942012e+00 1.000000000000000000e+01 8.823529411764706509e+00 1.000000000000000000e+01 9.558823529411764497e+00 1.000000000000000000e+01 1.073529411764705799e+01 1.117647058823529349e+01 1.088235294117647101e+01 9.411764705882353255e+00 9.558823529411764497e+00 9.411764705882353255e+00 9.117647058823528994e+00 8.529411764705882248e+00 7.794117647058823373e+00 8.529411764705882248e+00
1.382352941176470651e+01 1.000000000000000000e+01 8.088235294117646745e+00 6.764705882352941124e+00 7.941176470588235503e+00 7.058823529411764497e+00 5.735294117647058876e+00 5.735294117647058876e+00 6.029411764705882248e+00 6.470588235294117752e+00 6.176470588235294379e+00 6.764705882352941124e+00 6.323529411764705621e+00 6.470588235294117752e+00 5.294117647058823373e+00 4.411764705882353255e+00 4.264705882352941124e+00
1.294117647058823550e+01 9.852941176470588758e+00 1.000000000000000000e+01 9.117647058823528994e+00 6.470588235294117752e+00 5.441176470588235503e+00 3.088235294117647189e+00 4.705882352941176627e+00 5.147058823529412130e+00 4.852941176470587870e+00 5.441176470588235503e+00 6.029411764705882248e+00 5.735294117647058876e+00 5.588235294117646745e+00 6.029411764705882248e+00 6.470588235294117752e+00 6.764705882352941124e+00
1.102941176470588225e+01 6.617647058823528994e+00 6.617647058823528994e+00 2.794117647058823373e+00 2.647058823529411686e+00 3.088235294117647189e+00 7.058823529411764497e+00 7.500000000000000000e+00 7.794117647058823373e+00 7.058823529411764497e+00 6.764705882352941124e+00 7.352941176470587870e+00 6.323529411764705621e+00 5.294117647058823373e+00 5.882352941176471006e+00 6.029411764705882248e+00 6.029411764705882248e+00
1.073529411764705799e+01 7.941176470588235503e+00 1.058823529411764675e+01 5.588235294117646745e+00 5.588235294117646745e+00 6.911764705882353255e+00 9.264705882352942012e+00 7.352941176470587870e+00 7.500000000000000000e+00 7.058823529411764497e+00 6.911764705882353255e+00 5.735294117647058876e+00 6.176470588235294379e+00 5.735294117647058876e+00 5.588235294117646745e+00 5.000000000000000000e+00 5.735294117647058876e+00
1.470588235294117574e+01 1.117647058823529349e+01 1.044117647058823550e+01 2.352941176470588314e+00 1.617647058823529438e+00 3.823529411764706065e+00 2.352941176470588314e+00 2.647058823529411686e+00 3.088235294117647189e+00 4.852941176470587870e+00 6.470588235294117752e+00 6.470588235294117752e+00 5.882352941176471006e+00 5.294117647058823373e+00 5.294117647058823373e+00 5.294117647058823373e+00 6.176470588235294379e+00
1.367647058823529349e+01 1.161764705882352899e+01 1.000000000000000000e+01 8.235294117647057988e+00 6.323529411764705621e+00 5.735294117647058876e+00 4.264705882352941124e+00 2.941176470588235503e+00 2.352941176470588314e+00 1.911764705882353033e+00 3.235294117647058876e+00 2.794117647058823373e+00 3.823529411764706065e+00 3.970588235294117752e+00 3.970588235294117752e+00 3.970588235294117752e+00 3.970588235294117752e+00
1.279411764705882426e+01 1.205882352941176450e+01 8.823529411764706509e+00 8.529411764705882248e+00 9.411764705882353255e+00 9.411764705882353255e+00 9.852941176470588758e+00 9.264705882352942012e+00 7.058823529411764497e+00 6.764705882352941124e+00 5.882352941176471006e+00 5.882352941176471006e+00 6.323529411764705621e+00 6.470588235294117752e+00 5.588235294117646745e+00 5.735294117647058876e+00 6.029411764705882248e+00
6.617647058823528994e+00 6.176470588235294379e+00 7.058823529411764497e+00 5.735294117647058876e+00 7.058823529411764497e+00 6.470588235294117752e+00 1.132352941176470651e+01 5.735294117647058876e+00 5.294117647058823373e+00 4.852941176470587870e+00 3.970588235294117752e+00 4.264705882352941124e+00 4.117647058823528994e+00 4.411764705882353255e+00 4.852941176470587870e+00 5.441176470588235503e+00 5.294117647058823373e+00
