2.941176470588235503e+00 1.764705882352941124e+00 5.882352941176470784e-01 9.411764705882353255e+00 1.764705882352941124e+00 2.352941176470588314e+00 1.323529411764705843e+00 1.617647058823529438e+00 8.823529411764705621e-01 7.352941176470588758e-01 7.352941176470588758e-01 5.882352941176470784e-01 7.352941176470588758e-01 7.352941176470588758e-01 5.882352941176470784e-01 5.882352941176470784e-01 5.882352941176470784e-01
1.691176470588235148e+01 1.191176470588235325e+01 1.058823529411764675e+01 4.411764705882352811e-01 1.176470588235294157e+00 3.676470588235293935e+00 7.500000000000000000e+00 7.058823529411764497e+00 4.411764705882352811e-01 8.823529411764705621e-01 4.411764705882352811e-01 1.176470588235294157e+00 8.823529411764705621e-01 1.323529411764705843e+00 1.029411764705882248e+00 1.029411764705882248e+00 1.029411764705882248e+00
1.441176470588235325e+01 8.823529411764706509e+00 3.088235294117647189e+00 3.235294117647058876e+00 3.970588235294117752e+00 2.941176470588235392e-01 2.058823529411764497e+00 5.882352941176470784e-01 1.764705882352941124e+00 2.941176470588235392e-01 1.470588235294117696e-01 5.882352941176470784e-01 1.470588235294117696e-01 2.941176470588235392e-01 4.411764705882352811e-01 1.470588235294117696e-01 2.941176470588235392e-01
1.088235294117647101e+01 2.941176470588235503e+00 6.470588235294117752e+00 1.176470588235294157e+00 1.617647058823529438e+00 1.029411764705882248e+00 1.617647058823529438e+00 1.176470588235294157e+00 1.323529411764705843e+00 1.323529411764705843e+00 1.176470588235294157e+00 1.323529411764705843e+00 1.176470588235294157e+00 1.176470588235294157e+00 1.176470588235294157e+00 1.176470588235294157e+00 1.176470588235294157e+00
1.294117647058823550e+01 1.073529411764705799e+01 1.264705882352941124e+01 3.676470588235293935e+00 7.647058823529412130e+00 1.764705882352941124e+00 2.500000000000000000e+00 1.911764705882353033e+00 4.411764705882352811e-01 5.882352941176470784e-01 2.941176470588235503e+00 7.352941176470588758e-01 7.352941176470588758e-01 7.352941176470588758e-01 2.647058823529411686e+00 3.088235294117647189e+00 2.647058823529411686e+00
9.117647058823528994e+00 1.102941176470588225e+01 1.191176470588235325e+01 3.088235294117647189e+00 1.911764705882353033e+00 2.794117647058823373e+00 8.823529411764705621e-01 4.411764705882352811e-01 7.352941176470588758e-01 4.411764705882352811e-01 4.411764705882352811e-01 1.470588235294117696e-01 2.941176470588235392e-01 2.941176470588235392e-01 2.941176470588235392e-01 5.000000000000000000e+00 1.470588235294117752e+00
1.058823529411764675e+01 1.441176470588235325e+01 2.647058823529411686e+00 1.764705882352941124e+00 3.529411764705882248e+00 1.000000000000000000e+01 1.323529411764705843e+00 1.176470588235294157e+00 2.205882352941176627e+00 2.058823529411764497e+00 2.647058823529411686e+00 3.235294117647058876e+00 3.382352941176470562e+00 1.764705882352941124e+00 1.764705882352941124e+00 2.205882352941176627e+00 3.235294117647058876e+00
1.367647058823529349e+01 1.044117647058823550e+01 1.176470588235294157e+00 3.088235294117647189e+00 4.411764705882353255e+00 3.970588235294117752e+00 3.088235294117647189e+00 4.558823529411764497e+00 5.735294117647058876e+00 4.264705882352941124e+00 4.117647058823528994e+00 3.235294117647058876e+00 1.470588235294117752e+00 1.323529411764705843e+00 1.470588235294117752e+00 1.176470588235294157e+00 1.323529411764705843e+00
1.397058823529411775e+01 4.705882352941176627e+00 1.088235294117647101e+01 3.382352941176470562e+00 2.941176470588235503e+00 1.911764705882353033e+00 0.000000000000000000e+00 5.882352941176470784e-01 2.941176470588235392e-01 5.882352941176470784e-01 4.411764705882352811e-01 1.911764705882353033e+00 2.941176470588235503e+00 2.941176470588235392e-01 2.647058823529411686e+00 4.411764705882352811e-01 2.647058823529411686e+00
1.073529411764705799e+01 1.014705882352941124e+01 5.735294117647058876e+00 1.764705882352941124e+00 3.676470588235293935e+00 5.147058823529412130e+00 6.470588235294117752e+00 8.529411764705882248e+00 3.970588235294117752e+00 7.647058823529412130e+00 6.764705882352941124e+00 7.352941176470587870e+00 4.411764705882352811e-01 4.411764705882352811e-01 8.823529411764705621e-01 5.882352941176470784e-01 7.352941176470588758e-01
