7.520000000000000284e+01
7.716666666666667140e+01
7.709999999999999432e+01
7.709999999999999432e+01
7.709999999999999432e+01
7.709999999999999432e+01
7.709999999999999432e+01
7.709999999999999432e+01
6.859999999999999432e+01
6.666666666666667140e+01
6.666666666666667140e+01
6.666666666666667140e+01
6.666666666666667140e+01
6.666666666666667140e+01
6.666666666666667140e+01
6.666666666666667140e+01
6.666666666666667140e+01
6.666666666666667140e+01
6.666666666666667140e+01
6.666666666666667140e+01
6.666666666666667140e+01
6.666666666666667140e+01
6.666666666666667140e+01
6.666666666666667140e+01
6.666666666666667140e+01
6.666666666666667140e+01
6.666666666666667140e+01
6.666666666666667140e+01
6.666666666666667140e+01
6.666666666666667140e+01
6.666666666666667140e+01
6.666666666666667140e+01
6.666666666666667140e+01
6.666666666666667140e+01
6.666666666666667140e+01
6.666666666666667140e+01
6.666666666666667140e+01
6.666666666666667140e+01
6.666666666666667140e+01
6.666666666666667140e+01
6.666666666666667140e+01
6.666666666666667140e+01
6.666666666666667140e+01
6.666666666666667140e+01
6.666666666666667140e+01
6.666666666666667140e+01
6.666666666666667140e+01
6.666666666666667140e+01
6.666666666666667140e+01
6.666666666666667140e+01
6.666666666666667140e+01
6.666666666666667140e+01
6.666666666666667140e+01
6.666666666666667140e+01
6.666666666666667140e+01
6.666666666666667140e+01
6.666666666666667140e+01
6.666666666666667140e+01
6.666666666666667140e+01
6.666666666666667140e+01
6.666666666666667140e+01
6.666666666666667140e+01
6.666666666666667140e+01
6.666666666666667140e+01
6.666666666666667140e+01
6.666666666666667140e+01
6.666666666666667140e+01
6.666666666666667140e+01
6.666666666666667140e+01
6.666666666666667140e+01
6.666666666666667140e+01
6.666666666666667140e+01
6.666666666666667140e+01
6.666666666666667140e+01
6.666666666666667140e+01
6.666666666666667140e+01
6.666666666666667140e+01
6.666666666666667140e+01
6.666666666666667140e+01
6.666666666666667140e+01
6.666666666666667140e+01
6.666666666666667140e+01
6.666666666666667140e+01
6.666666666666667140e+01
6.666666666666667140e+01
6.666666666666667140e+01
6.666666666666667140e+01
6.666666666666667140e+01
6.666666666666667140e+01
6.666666666666667140e+01
6.666666666666667140e+01
6.666666666666667140e+01
6.666666666666667140e+01
6.666666666666667140e+01
6.666666666666667140e+01
6.666666666666667140e+01
6.666666666666667140e+01
6.666666666666667140e+01
6.666666666666667140e+01
6.666666666666667140e+01
