2.843333333333333268e-01
3.326666666666666661e-01
3.320000000000000173e-01
3.310000000000000164e-01
3.330000000000000182e-01
3.330000000000000182e-01
3.330000000000000182e-01
3.330000000000000182e-01
3.330000000000000182e-01
3.330000000000000182e-01
3.330000000000000182e-01
3.330000000000000182e-01
3.330000000000000182e-01
3.330000000000000182e-01
3.330000000000000182e-01
3.330000000000000182e-01
3.330000000000000182e-01
3.330000000000000182e-01
3.330000000000000182e-01
3.330000000000000182e-01
3.330000000000000182e-01
3.330000000000000182e-01
3.330000000000000182e-01
3.330000000000000182e-01
3.330000000000000182e-01
3.330000000000000182e-01
3.330000000000000182e-01
3.330000000000000182e-01
3.330000000000000182e-01
3.330000000000000182e-01
3.330000000000000182e-01
3.330000000000000182e-01
3.330000000000000182e-01
3.330000000000000182e-01
3.330000000000000182e-01
3.330000000000000182e-01
3.330000000000000182e-01
3.330000000000000182e-01
3.330000000000000182e-01
3.330000000000000182e-01
3.330000000000000182e-01
3.330000000000000182e-01
3.330000000000000182e-01
3.330000000000000182e-01
3.330000000000000182e-01
3.330000000000000182e-01
3.330000000000000182e-01
3.330000000000000182e-01
3.330000000000000182e-01
3.330000000000000182e-01
