2.030000000000000138e-01
2.330000000000000127e-01
1.150000000000000050e-01
3.669999999999999929e-01
3.430000000000000271e-01
2.580000000000000071e-01
3.689999999999999947e-01
5.709999999999999520e-01
2.919999999999999818e-01
5.360000000000000320e-01
4.909999999999999920e-01
5.719999999999999529e-01
5.749999999999999556e-01
5.849999999999999645e-01
5.909999999999999698e-01
5.250000000000000222e-01
5.779999999999999583e-01
6.510000000000000231e-01
6.690000000000000391e-01
7.019999999999999574e-01
6.450000000000000178e-01
6.530000000000000249e-01
6.340000000000000080e-01
4.849999999999999867e-01
4.749999999999999778e-01
6.320000000000000062e-01
5.010000000000000009e-01
5.899999999999999689e-01
6.300000000000000044e-01
7.249999999999999778e-01
7.239999999999999769e-01
7.349999999999999867e-01
7.229999999999999760e-01
7.389999999999999902e-01
7.730000000000000204e-01
8.100000000000000533e-01
8.030000000000000471e-01
7.299999999999999822e-01
7.179999999999999716e-01
7.600000000000000089e-01
7.690000000000000169e-01
7.630000000000000115e-01
7.610000000000000098e-01
7.540000000000000036e-01
7.560000000000000053e-01
7.469999999999999973e-01
7.259999999999999787e-01
6.989999999999999547e-01
6.129999999999999893e-01
5.600000000000000533e-01
6.229999999999999982e-01
6.700000000000000400e-01
8.179999999999999494e-01
8.389999999999999680e-01
8.639999999999999902e-01
8.139999999999999458e-01
8.699999999999999956e-01
8.629999999999999893e-01
8.800000000000000044e-01
8.729999999999999982e-01
8.810000000000000053e-01
8.790000000000000036e-01
8.800000000000000044e-01
8.359999999999999654e-01
8.239999999999999547e-01
8.239999999999999547e-01
8.169999999999999485e-01
8.609999999999999876e-01
8.559999999999999831e-01
8.519999999999999796e-01
8.489999999999999769e-01
8.389999999999999680e-01
8.369999999999999662e-01
8.269999999999999574e-01
8.299999999999999600e-01
8.349999999999999645e-01
8.299999999999999600e-01
8.379999999999999671e-01
8.389999999999999680e-01
8.539999999999999813e-01
8.539999999999999813e-01
8.549999999999999822e-01
8.599999999999999867e-01
8.629999999999999893e-01
8.619999999999999885e-01
8.659999999999999920e-01
8.739999999999999991e-01
8.780000000000000027e-01
8.940000000000000169e-01
8.770000000000000018e-01
8.840000000000000080e-01
8.800000000000000044e-01
8.920000000000000151e-01
8.659999999999999920e-01
8.639999999999999902e-01
8.649999999999999911e-01
8.689999999999999947e-01
8.719999999999999973e-01
8.689999999999999947e-01
8.629999999999999893e-01
