1.513333333333333197e-01
3.086666666666666448e-01
2.300000000000000100e-01
3.333333333333333148e-01
3.333333333333333148e-01
3.323333333333333139e-01
3.330000000000000182e-01
3.310000000000000164e-01
2.656666666666666621e-01
3.333333333333333148e-01
3.326666666666666661e-01
3.333333333333333148e-01
3.313333333333333131e-01
3.323333333333333139e-01
3.326666666666666661e-01
3.330000000000000182e-01
3.330000000000000182e-01
3.330000000000000182e-01
3.330000000000000182e-01
3.330000000000000182e-01
3.333333333333333148e-01
3.333333333333333148e-01
3.333333333333333148e-01
3.333333333333333148e-01
3.333333333333333148e-01
3.333333333333333148e-01
3.333333333333333148e-01
3.333333333333333148e-01
3.333333333333333148e-01
3.333333333333333148e-01
3.333333333333333148e-01
3.333333333333333148e-01
3.333333333333333148e-01
3.333333333333333148e-01
3.333333333333333148e-01
3.333333333333333148e-01
3.333333333333333148e-01
3.333333333333333148e-01
3.333333333333333148e-01
3.333333333333333148e-01
3.333333333333333148e-01
3.333333333333333148e-01
3.333333333333333148e-01
3.333333333333333148e-01
3.333333333333333148e-01
3.333333333333333148e-01
3.333333333333333148e-01
3.333333333333333148e-01
3.333333333333333148e-01
3.333333333333333148e-01
