1.000000000000000021e-03
1.199999999999999956e-01
3.599999999999999867e-01
4.229999999999999871e-01
3.750000000000000000e-01
1.700000000000000122e-01
3.180000000000000049e-01
5.629999999999999449e-01
5.849999999999999645e-01
3.850000000000000089e-01
5.190000000000000169e-01
6.069999999999999840e-01
5.719999999999999529e-01
7.079999999999999627e-01
6.780000000000000471e-01
6.600000000000000311e-01
6.450000000000000178e-01
6.600000000000000311e-01
6.600000000000000311e-01
7.369999999999999885e-01
7.289999999999999813e-01
7.540000000000000036e-01
7.049999999999999600e-01
6.580000000000000293e-01
5.310000000000000275e-01
5.739999999999999547e-01
6.189999999999999947e-01
7.069999999999999618e-01
7.710000000000000187e-01
7.560000000000000053e-01
6.310000000000000053e-01
5.699999999999999512e-01
7.299999999999999822e-01
6.430000000000000160e-01
5.979999999999999760e-01
6.889999999999999458e-01
6.270000000000000018e-01
6.149999999999999911e-01
6.710000000000000409e-01
6.540000000000000258e-01
6.929999999999999494e-01
6.870000000000000551e-01
7.049999999999999600e-01
7.099999999999999645e-01
6.979999999999999538e-01
6.670000000000000373e-01
7.199999999999999734e-01
7.219999999999999751e-01
7.510000000000000009e-01
7.800000000000000266e-01
8.229999999999999538e-01
8.289999999999999591e-01
8.599999999999999867e-01
8.639999999999999902e-01
8.599999999999999867e-01
8.479999999999999760e-01
8.419999999999999707e-01
8.219999999999999529e-01
8.159999999999999476e-01
8.080000000000000515e-01
7.940000000000000391e-01
8.000000000000000444e-01
7.890000000000000346e-01
7.890000000000000346e-01
8.050000000000000488e-01
8.050000000000000488e-01
8.169999999999999485e-01
8.269999999999999574e-01
8.439999999999999725e-01
8.479999999999999760e-01
8.579999999999999849e-01
8.619999999999999885e-01
8.719999999999999973e-01
8.780000000000000027e-01
8.729999999999999982e-01
8.780000000000000027e-01
8.780000000000000027e-01
8.790000000000000036e-01
8.719999999999999973e-01
8.709999999999999964e-01
8.709999999999999964e-01
8.679999999999999938e-01
8.679999999999999938e-01
8.669999999999999929e-01
8.679999999999999938e-01
8.709999999999999964e-01
8.699999999999999956e-01
8.699999999999999956e-01
8.719999999999999973e-01
8.629999999999999893e-01
8.669999999999999929e-01
8.659999999999999920e-01
8.669999999999999929e-01
8.689999999999999947e-01
8.649999999999999911e-01
8.709999999999999964e-01
8.709999999999999964e-01
8.709999999999999964e-01
8.729999999999999982e-01
8.699999999999999956e-01
