2.033333333333333173e-02
3.330000000000000182e-01
3.333333333333333148e-01
3.333333333333333148e-01
3.333333333333333148e-01
3.333333333333333148e-01
3.333333333333333148e-01
3.333333333333333148e-01
3.333333333333333148e-01
3.333333333333333148e-01
3.333333333333333148e-01
3.333333333333333148e-01
3.333333333333333148e-01
3.333333333333333148e-01
3.333333333333333148e-01
3.333333333333333148e-01
3.333333333333333148e-01
3.333333333333333148e-01
3.333333333333333148e-01
3.333333333333333148e-01
3.333333333333333148e-01
3.333333333333333148e-01
3.333333333333333148e-01
3.333333333333333148e-01
3.333333333333333148e-01
3.333333333333333148e-01
