7.783333333333332860e+01
6.756666666666666288e+01
6.950000000000000000e+01
7.029999999999999716e+01
7.150000000000000000e+01
7.326666666666666572e+01
7.403333333333333144e+01
7.500000000000000000e+01
7.609999999999999432e+01
7.706666666666666288e+01
7.770000000000000284e+01
7.859999999999999432e+01
7.920000000000000284e+01
7.990000000000000568e+01
8.050000000000000000e+01
8.096666666666666856e+01
8.159999999999999432e+01
8.240000000000000568e+01
8.263333333333333997e+01
8.306666666666666288e+01
8.336666666666666003e+01
8.366666666666667140e+01
8.403333333333333144e+01
8.416666666666667140e+01
8.420000000000000284e+01
8.426666666666666572e+01
8.450000000000000000e+01
8.456666666666666288e+01
8.456666666666666288e+01
8.470000000000000284e+01
8.483333333333332860e+01
8.483333333333332860e+01
8.490000000000000568e+01
8.506666666666666288e+01
8.503333333333333144e+01
8.509999999999999432e+01
8.513333333333333997e+01
8.503333333333333144e+01
8.540000000000000568e+01
8.523333333333333428e+01
8.550000000000000000e+01
8.553333333333333144e+01
8.566666666666667140e+01
8.583333333333332860e+01
8.579999999999999716e+01
8.590000000000000568e+01
8.590000000000000568e+01
8.596666666666666856e+01
8.579999999999999716e+01
8.586666666666666003e+01
8.606666666666666288e+01
8.603333333333333144e+01
8.603333333333333144e+01
8.609999999999999432e+01
8.616666666666667140e+01
8.700000000000000000e+01
8.696666666666666856e+01
8.700000000000000000e+01
8.690000000000000568e+01
8.690000000000000568e+01
8.683333333333332860e+01
8.686666666666666003e+01
8.690000000000000568e+01
8.683333333333332860e+01
8.686666666666666003e+01
8.686666666666666003e+01
8.696666666666666856e+01
8.690000000000000568e+01
8.686666666666666003e+01
8.690000000000000568e+01
8.690000000000000568e+01
8.690000000000000568e+01
8.693333333333333712e+01
8.693333333333333712e+01
8.679999999999999716e+01
8.676666666666666572e+01
8.683333333333332860e+01
8.673333333333333428e+01
8.670000000000000284e+01
8.663333333333333997e+01
8.666666666666667140e+01
8.659999999999999432e+01
8.666666666666667140e+01
8.656666666666666288e+01
8.656666666666666288e+01
8.646666666666666856e+01
8.646666666666666856e+01
8.633333333333332860e+01
8.626666666666666572e+01
8.626666666666666572e+01
8.616666666666667140e+01
8.616666666666667140e+01
8.606666666666666288e+01
8.613333333333333997e+01
8.613333333333333997e+01
8.626666666666666572e+01
8.629999999999999716e+01
8.606666666666666288e+01
8.603333333333333144e+01
8.596666666666666856e+01
